


1
4
4



2
4
4



3
4
4



4
4
4



5
4
4



6
4
4



7
4
4



8
4
4



9
4
4



10
4
4



11
24
24



12
24
24



13
24
24



14
24
24



15
24
2



16
24
0



17
24
0



18
24
0



19
24
0



20
24
0



21
24
0



22
24
0



23
24
4



24
24
4



25
24
4



26
24
4



27
24
4



28
24
8



29
24
8



30
24
8



31
24
8



32
24
6



33
24
4



34
24
4



35
24
4



36
24
4



37
24
4



38
24
0



39
24
0



40
24
0



41
24
0



42
24
0



43
24
0



44
24
0



45
24
0



46
24
0



47
24
0



48
24
0



49
24
0



50
24
0



51
24
0



52
24
0



53
24
0



54
24
0



55
24
0



56
24
3



57
24
4



58
24
4



59
24
4



60
24
4



61
24
4



62
24
24



63
24
24



64
24
24



65
24
24



66
24
14



67
24
0



68
24
0



69
24
0



70
24
0



71
24
0



72
24
0



73
24
0



74
24
0



75
24
0



76
24
0



77
24
0



78
24
0



79
24
0



80
24
0



81
24
4



82
24
4



83
24
4



84
24
4



85
24
4



86
24
3



87
24
0
